*** Builder log created: {2022-08-24 14:08:12}
*** Builder log completed: {2022-08-24 14:08:29}

rc =

     0

