*** Builder log created: {2023-10-01 22:30:30}
*** Builder log completed: {2023-10-01 22:34:38}

rc =

     0

