*** Builder log created: {2026-04-01 22:26:22}
*** Builder log completed: {2026-04-01 22:26:39}

rc =

     0

