*** Builder log created: {2026-05-21 10:20:31}
*** Builder log completed: {2026-05-21 10:20:45}

rc =

     0

