*** Builder log created: {2024-09-13 11:05:34}
*** Builder log completed: {2024-09-13 11:05:42}

rc =

     0

