*** Builder log created: {2025-04-23 16:03:05}
*** Builder log completed: {2025-04-23 16:03:31}

rc =

     0

