*** Builder log created: {2026-05-21 12:17:42}
*** Builder log completed: {2026-05-21 12:18:12}

rc =

     0

