*** Builder log created: {2022-04-04 09:50:38}
*** Builder log completed: {2022-04-04 09:50:50}

rc =

     0

