*** Builder log created: {2023-11-08 09:45:30}
*** Builder log completed: {2023-11-08 09:46:02}

rc =

     0

